1
7245
11219
13487
22073
25941
28162
30089
31356
35743
44466
46073
49116
55619
59998
62909
66905
73874
75919
80163
84731
87782
94239
96342
96384
99625
102783
105115
108943
113061
115826
121728
127176
129442
132254
135834
138725
141627
143768
144168
145189
146852
148920
150096
153135
154090
157049
158676
161911
165521
169339
173447
175696
176973
180824
185203
189133
191651
192472
195030
196623
198555
199318
200014
201944
203370
203667
205764
209453
211831
213714
215316
217533
219519
220588
220827
225641
232529
235698
238245
240513
247146
256594
268882
274936
276376
278237
280723
283696
286258
290289
292634
294402
296609
299977
300216
302180
304103
308749
309160
312916
317541
322204
322386
327077
328299
329877
332826
335422
338649
341985
343749
344303
346406
348109
350531
353966
358299
361211
361354
362447
364195
364679
371933
376191
377269
381133
383451
388433
392119
396583
399885
400572
401737
402398
404670
407208
409552
413092
415947
419279
425141
427830
431497
433898
434849
438195
441737
443416
444767
447805
447817
452754
456875
461000
463783
465303
466658
469788
476439
480577
999999
